# ==================================================================================================================================================================================================================================================================================
# Minimum inception voltage(+)  = 28073.8,	 x = (0.0151028,0.00732819)
# Minimum inception voltage(-)  = 28074.5,	 x = (0.0149995,0.00737793)
# 
# Streamer inception voltage(+) = 28073.8,	 x = (0.0151028,0.00732819)
# Streamer inception voltage(-) = 28074.5,	 x = (0.0149995,0.00737793)
# 
# Townsend inception voltage(+) = 1.79769e+308,	 x = (0,0)
# Townsend inception voltage(-) = 1.79769e+308,	 x = (0,0)
# ==================================================================================================================================================================================================================================================================================
# +/- Voltage  Max K(+)       Max K(-)       Pos. max K(+)           Pos. max K(-)           Max T(+)            Max T(-)            Pos. max T(+)           Pos. max T(-)           Crit. vol(+)        Crit. vol(-)        Crit. area(+)       Crit. area(-)       Ionization vol.     
# ==================================================================================================================================================================================================================================================================================
7108.53        0.000355648    0.000147404    (0.015108, 0.007343)    (0.015105, 0.007341)    0                   0                   (0.015020, 0.006270)    (0.015020, 0.006270)    0                   0                   0                   0                   1.47306e-10         
7463.96        0.00198306     0.00179974     (0.015108, 0.007343)    (0.015095, 0.007332)    0                   0                   (0.015020, 0.006270)    (0.015020, 0.006270)    0                   0                   0                   0                   5.37191e-10         
7837.16        0.00551694     0.00558268     (0.015108, 0.007343)    (0.015095, 0.007346)    0                   0                   (0.015020, 0.006270)    (0.015020, 0.006270)    0                   0                   0                   0                   1.07431e-09         
8229.02        0.0117699      0.0121035      (0.015103, 0.007328)    (0.015090, 0.007351)    0                   0                   (0.015020, 0.006270)    (0.015020, 0.006270)    0                   0                   0                   0                   1.94073e-09         
8640.47        0.0218187      0.0221956      (0.015103, 0.007328)    (0.015081, 0.007351)    0                   0                   (0.015020, 0.006270)    (0.015020, 0.006270)    0                   0                   0                   0                   3.12005e-09         
9072.49        0.0368577      0.0375769      (0.015103, 0.007328)    (0.015066, 0.007346)    0                   0                   (0.015020, 0.006270)    (0.015020, 0.006270)    0                   0                   0                   0                   4.89298e-09         
9526.12        0.0585003      0.0588444      (0.015103, 0.007328)    (0.015056, 0.007346)    0                   0                   (0.015020, 0.006270)    (0.015020, 0.006270)    0                   0                   0                   0                   7.60456e-09         
10002.4        0.0884671      0.0904541      (0.015103, 0.007328)    (0.015042, 0.007346)    0                   0                   (0.015020, 0.006270)    (0.015020, 0.006270)    0                   0                   0                   0                   1.26663e-08         
10502.5        0.129389       0.129746       (0.015103, 0.007328)    (0.015022, 0.007346)    0                   0                   (0.015020, 0.006270)    (0.015020, 0.006270)    0                   0                   0                   0                   2.00138e-08         
11027.7        0.18507        0.18669        (0.015103, 0.007328)    (0.015002, 0.007356)    0                   0                   (0.015020, 0.006270)    (0.015020, 0.006270)    0                   0                   0                   0                   2.66298e-08         
11579.1        0.255694       0.256397       (0.015103, 0.007328)    (0.015002, 0.007356)    0                   0                   (0.015020, 0.006270)    (0.015020, 0.006270)    0                   0                   0                   0                   3.34996e-08         
12158          0.341265       0.341287       (0.015103, 0.007328)    (0.015000, 0.007358)    0                   0                   (0.015020, 0.006270)    (0.015020, 0.006270)    0                   0                   0                   0                   4.08356e-08         
12765.9        0.443788       0.443162       (0.015103, 0.007328)    (0.015000, 0.007358)    0                   0                   (0.015020, 0.006270)    (0.015020, 0.006270)    0                   0                   0                   0                   4.82995e-08         
13404.2        0.56595        0.565206       (0.015103, 0.007328)    (0.015000, 0.007358)    0                   0                   (0.015020, 0.006270)    (0.015020, 0.006270)    0                   0                   0                   0                   5.68981e-08         
14074.4        0.710117       0.707457       (0.015103, 0.007328)    (0.015000, 0.007358)    0                   0                   (0.015020, 0.006270)    (0.015020, 0.006270)    0                   0                   0                   0                   6.59108e-08         
14778.1        0.878729       0.877364       (0.015103, 0.007328)    (0.015000, 0.007358)    0                   0                   (0.015020, 0.006270)    (0.015020, 0.006270)    0                   0                   0                   0                   7.49006e-08         
15517          1.0745         1.0727         (0.015103, 0.007328)    (0.015000, 0.007358)    0                   0                   (0.015020, 0.006270)    (0.015020, 0.006270)    0                   0                   0                   0                   8.5869e-08          
16292.9        1.30146        1.29893        (0.015103, 0.007328)    (0.015000, 0.007358)    0                   0                   (0.015020, 0.006270)    (0.015020, 0.006270)    0                   0                   0                   0                   9.67881e-08         
17107.5        1.56319        1.55929        (0.015103, 0.007328)    (0.015000, 0.007358)    0                   0                   (0.015020, 0.006270)    (0.015020, 0.006270)    0                   0                   0                   0                   1.10404e-07         
17962.9        1.86156        1.85812        (0.015103, 0.007328)    (0.015000, 0.007358)    0                   0                   (0.015020, 0.006270)    (0.015020, 0.006270)    0                   0                   0                   0                   1.22942e-07         
18861.1        2.20192        2.19987        (0.015103, 0.007328)    (0.015000, 0.007358)    0                   0                   (0.015020, 0.006270)    (0.015020, 0.006270)    0                   0                   0                   0                   1.35375e-07         
19804.1        2.58958        2.57536        (0.015103, 0.007328)    (0.015000, 0.007368)    0                   0                   (0.015020, 0.006270)    (0.015020, 0.006270)    0                   0                   0                   0                   1.53167e-07         
20794.3        3.01916        3.01282        (0.015103, 0.007328)    (0.015000, 0.007358)    0                   0                   (0.015020, 0.006270)    (0.015020, 0.006270)    0                   0                   0                   0                   1.7239e-07          
21834          3.50925        3.49144        (0.015103, 0.007328)    (0.015000, 0.007358)    0                   0                   (0.015020, 0.006270)    (0.015020, 0.006270)    0                   0                   0                   0                   1.88469e-07         
22925.7        4.04764        4.04325        (0.015103, 0.007328)    (0.015000, 0.007368)    0                   0                   (0.015020, 0.006270)    (0.015020, 0.006270)    0                   0                   0                   0                   2.10362e-07         
24072          4.6583         4.63417        (0.015103, 0.007328)    (0.015000, 0.007358)    0                   0                   (0.015020, 0.006270)    (0.015020, 0.006270)    0                   0                   0                   0                   2.32446e-07         
25275.6        5.32022        5.31953        (0.015103, 0.007328)    (0.015000, 0.007368)    0                   0                   (0.015020, 0.006270)    (0.015020, 0.006270)    0                   0                   0                   0                   2.57581e-07         
26539.4        6.06852        6.03814        (0.015103, 0.007328)    (0.015000, 0.007378)    0                   0                   (0.015020, 0.006270)    (0.015020, 0.006270)    0                   0                   0                   0                   2.8972e-07          
27866.4        6.86872        6.86855        (0.015103, 0.007328)    (0.015000, 0.007378)    0                   0                   (0.015020, 0.006270)    (0.015020, 0.006270)    0                   0                   0                   0                   3.21025e-07         
29259.7        7.75034        7.74876        (0.015103, 0.007328)    (0.015000, 0.007378)    0                   0                   (0.015020, 0.006270)    (0.015020, 0.006270)    2.83552e-10         1.80565e-09         7.44006e-05         0.000136719         3.5498e-07          
30659.9        8.68864        8.70798        (0.015103, 0.007328)    (0.015000, 0.007378)    0                   0                   (0.015020, 0.006270)    (0.015020, 0.006270)    1.18515e-09         5.22163e-09         0.000127058         0.000214844         3.98964e-07         
31966.4        9.5683         9.59118        (0.015103, 0.007328)    (0.015000, 0.007378)    0                   0                   (0.015020, 0.006270)    (0.015020, 0.006270)    2.3228e-09          9.44824e-09         0.000166211         0.000292969         4.3826e-07          
33307.8        10.5163        10.5045        (0.015108, 0.007343)    (0.015000, 0.007378)    0                   0                   (0.015020, 0.006270)    (0.015020, 0.006270)    3.86427e-09         1.48138e-08         0.000216422         0.000341797         4.82916e-07         
34630.9        11.4759        11.5237        (0.015103, 0.007328)    (0.015000, 0.007378)    0                   0                   (0.015020, 0.006270)    (0.015020, 0.006270)    5.61154e-09         2.00895e-08         0.000256749         0.000419922         5.29769e-07         
35834.6        12.3531        12.3972        (0.015108, 0.007343)    (0.015000, 0.007378)    0                   0                   (0.015020, 0.006270)    (0.015020, 0.006270)    7.6972e-09          2.56176e-08         0.000309812         0.000488281         5.79384e-07         
37112.5        13.3515        13.3534        (0.015108, 0.007343)    (0.015000, 0.007388)    0                   0                   (0.015020, 0.006270)    (0.015020, 0.006270)    1.00494e-08         3.13029e-08         0.000348884         0.000546875         6.35536e-07         
38354.6        14.2981        14.2889        (0.015108, 0.007343)    (0.015000, 0.007397)    0                   0                   (0.015020, 0.006270)    (0.015020, 0.006270)    1.26043e-08         3.7193e-08          0.000397712         0.000595703         6.98792e-07         
39583          15.2499        15.2845        (0.015108, 0.007343)    (0.015000, 0.007378)    0                   0                   (0.015020, 0.006270)    (0.015020, 0.006270)    1.56582e-08         4.31123e-08         0.000441658         0.000673828         7.57852e-07         
# ==================================================================================================================================================================================================================================================================================
